初始旋转0.698379,0.70814,0.103918,0.149972
初始平移：4.14361 -5.47187 3.07374 
循环过程0
2051.04
[0.051589986945671705, 0.05021875731445391, 0.0094520492038347, 4.527304589600313, -5.408835089370595, 3.167323496762674]
循环过程1
1666.37
[0.05057728236155349, 0.04686316427642717, 0.011007484512214354, 4.911326966779471, -5.369848615232792, 3.2719556621379993]
循环过程2
1387.08
[0.04847469339998272, 0.04229895015756792, 0.011561876306391225, 5.280287075029277, -5.421575043186093, 3.417180346338566]
循环过程3
1273.71
[0.0433523051674673, 0.0371517188047427, 0.007220922537946648, 5.250060853714479, -5.780878958086441, 3.589516752450867]
循环过程4
1138.91
[0.03469414848746125, 0.028157889299762408, 0.0038433095042784363, 5.468186455744903, -5.9727078340291735, 3.863290665126183]
循环过程5
1023.43
[0.03265084471297766, 0.027469830536757976, 0.0018967480711271174, 5.285747480926261, -6.053883537568376, 3.872920829983216]
循环过程6
956.611
[0.024356303780296122, 0.020870690972492677, -0.0018741587763589523, 5.279205317285636, -6.137005175339286, 4.053312317721457]
循环过程7
840.008
[0.017866300850559437, 0.016610056170836697, -0.005612318857008162, 5.145534574674454, -6.240921067356622, 4.158366900730662]
循环过程8
754.577
[0.01623297660735381, 0.015008665131957562, -0.005787514114809452, 5.233058120526885, -6.236554693993599, 4.206320015598623]
循环过程9
729.85
[0.014344896310042304, 0.013811906145120139, -0.006765440724056883, 5.210942413573294, -6.269876724528064, 4.235929434730621]
循环过程10
703.808
[0.012151557164002092, 0.012316539936959916, -0.0076883652431547, 5.215676664589737, -6.300566863844528, 4.274712170277809]
循环过程11
679.682
[0.009985459924657566, 0.010978693387350504, -0.008672299839362515, 5.204846566834229, -6.336297961997114, 4.307517564111033]
循环过程12
656.011
[0.00768854854466699, 0.009551969720761538, -0.009594533406862274, 5.208290466181432, -6.3711409884951635, 4.342751820129732]
循环过程13
631.961
[0.005400128850818113, 0.008270840601497131, -0.010564912455406184, 5.199060693751477, -6.4100145235041825, 4.372287887645776]
循环过程14
611.949
[0.0029951630926137057, 0.006911644079373251, -0.011442779942871762, 5.207604219085234, -6.447348188548091, 4.403904298508945]
循环过程15
588.176
[0.0007042922352542176, 0.0058168130660796145, -0.012385043689940343, 5.1935902288083176, -6.490000481075399, 4.42523623653488]
循环过程16
563.952
[-0.0016573484088625774, 0.004571129497977611, -0.013091412027893675, 5.2182230495790805, -6.523972143479133, 4.451856493865746]
循环过程17
544.017
[-0.003394267435164206, 0.0039775654215702195, -0.013885283889619513, 5.186403593897396, -6.561902217771826, 4.457586529973188]
循环过程18
524.577
[-0.004175982280005912, 0.0035451618014841167, -0.014022586855381483, 5.208034549672583, -6.570079197772126, 4.4669123594543665]
循环过程19
515.19
[-0.005539464240849434, 0.003005533847992392, -0.014480845825997679, 5.207638601989782, -6.593899637944637, 4.473839711337428]
循环过程20
499.154
[-0.006969981234454014, 0.0024419840358036867, -0.01491687188361032, 5.2136214932196125, -6.617000374780738, 4.480573496284095]
循环过程21
485.5
[-0.008453675151990274, 0.001932995064810306, -0.015395657760831271, 5.212773329297457, -6.641547964100122, 4.483880552908471]
循环过程22
473.908
[-0.010028074056412392, 0.0013683288265185695, -0.015821154601360143, 5.223126296940906, -6.66372934566996, 4.487606974494266]
循环过程23
465.027
[-0.011383677814659461, 0.000997211905081193, -0.01627261219880461, 5.215787590088003, -6.687318076823731, 4.485158197047031]
循环过程24
458.41
[-0.01253584635951727, 0.0005611336889128867, -0.016498141694150686, 5.236519488721371, -6.700874796987894, 4.487422807652212]
循环过程25
453.836
[-0.012952375682425897, 0.0004939392945460875, -0.01666447797702354, 5.22823298441071, -6.709614854467356, 4.484202207496142]
循环过程26
452.001
[-0.01371912653057077, 0.00028049793765505846, -0.01687207755218205, 5.230612487738009, -6.721550784848859, 4.481875291017801]
循环过程27
449.097
[-0.014477869493277076, 0.00007143334701461743, -0.017069244168409558, 5.234014158462976, -6.733168123178638, 4.479214049404804]
循环过程28
445.836
[-0.015216378650972168, -0.00012048867145130375, -0.01726288061613557, 5.2367055352396115, -6.744842356043436, 4.476014196179479]
循环过程29
442.317
[-0.015950491101750983, -0.0003108994626931931, -0.017446899918761007, 5.240283393367672, -6.756230726528233, 4.472650132404464]
循环过程30
438.672
[-0.016672373453388015, -0.000488570409640604, -0.01762932748296633, 5.242834837880796, -6.7677737572048375, 4.468887975581453]
循环过程31
435.073
[-0.017384265404731904, -0.0006668498339366113, -0.017797878328596972, 5.247030167992505, -6.778907782791818, 4.465364650311495]
循环过程32
431.593
[-0.018086412945829116, -0.0008216852613661012, -0.017975603835763368, 5.2485545898145105, -6.7905032578656135, 4.46120823151887]
循环过程33
428.318
[-0.01876255167287177, -0.0009930598050176005, -0.018115476413527277, 5.255509007648544, -6.800447513075933, 4.458567671904209]
循环过程34
425.44
[-0.019312378015462265, -0.0010657506267823269, -0.018285522469161562, 5.249894443854543, -6.810612903623218, 4.454090537832266]
循环过程35
423.585
[-0.019463568661675604, -0.0011248914953544908, -0.018292289936041865, 5.256034805055552, -6.811565997887075, 4.454677418121843]
循环过程36
423.041
[-0.01986590769840052, -0.0012044101137252043, -0.018384346665971264, 5.25803630156424, -6.817204624066796, 4.453078877210179]
循环过程37
421.814
[-0.0202856279160776, -0.0012799514824203162, -0.018483606561767014, 5.259405327506933, -6.823021919690439, 4.451472634873212]
循环过程38
420.559
[-0.020668641228460245, -0.0013533224960001681, -0.01856862651624547, 5.262195445160963, -6.82847361619508, 4.450513915565573]
循环过程39
419.456
[-0.02104275948725056, -0.0014006240581097972, -0.018670642284537384, 5.260785760386593, -6.83428107005105, 4.4488592403260565]
循环过程40
418.59
[-0.021129805601422004, -0.001428814351433802, -0.01867750494627766, 5.263828216606531, -6.834821224027996, 4.449287758123642]
循环过程41
418.401
[-0.021336008193849697, -0.0014556351152132955, -0.018732071092042762, 5.2635018426108005, -6.837827499490159, 4.448627130250086]
循环过程42
417.961
[-0.02148948896546355, -0.0014909276366033425, -0.01875785806238497, 5.266126469258964, -6.839481444929165, 4.448825872447584]
循环过程43
417.653
[-0.02154592779750836, -0.0014929759113967347, -0.01877767598310646, 5.265059396681433, -6.840551903114658, 4.448448324602544]
循环过程44
417.527
[-0.021650867388753433, -0.001510798466431221, -0.018801100112967234, 5.26568224407797, -6.841964161099258, 4.4483413188080725]
循环过程45
417.319
[-0.021756872072212448, -0.0015265459233105526, -0.018826860692150334, 5.265877625862673, -6.843486596073225, 4.448149490674856]
循环过程46
417.103
[-0.021858330802192873, -0.0015444620524890493, -0.018848626965509784, 5.266663981203633, -6.844819564129601, 4.448106304522752]
循环过程47
416.913
[-0.02195697351208701, -0.00155658149016572, -0.018874693033487513, 5.266431627182091, -6.846329242717268, 4.447849335594548]
循环过程48
416.68
[-0.02203016400791172, -0.0015735236851054492, -0.018886383369842833, 5.267755217658854, -6.847132073418026, 4.447997123816391]
循环过程49
416.567
[-0.022058334508484004, -0.001574447054424119, -0.018896182113400495, 5.267216362914607, -6.8476656609508275, 4.447819058994611]
循环过程50
416.517
[-0.02211114291810246, -0.0015832361948412285, -0.01890783481127406, 5.267532824733457, -6.848370731646964, 4.447786441635224]
循环过程51
416.413
[-0.022163814025254736, -0.0015907352398915483, -0.018920639613827873, 5.267622879531075, -6.849134483158246, 4.447703138126006]
循环过程52
416.312
[-0.022214814578443574, -0.0015996953836150461, -0.018931382838488088, 5.268021859794798, -6.849797736468364, 4.4476949503396845]
循环过程53
416.241
[-0.02226456799250343, -0.001605738045057408, -0.018944494836737692, 5.267868445146133, -6.850546231692978, 4.447569142585056]
循环过程54
416.162
[-0.022299054100789934, -0.001613968704338732, -0.018949789661786298, 5.268552763262846, -6.850904988074279, 4.447659755718185]
循环过程55
416.098
[-0.022312743509930545, -0.0016143394063852991, -0.018954621019849696, 5.268278212971509, -6.851167452985103, 4.447573280006802]
循环过程56
416.082
[-0.02233978362479156, -0.0016188402951599443, -0.018960600746778893, 5.268420737826603, -6.851526569307685, 4.447560662919815]
循环过程57
416.031
[-0.022366885092385182, -0.0016228879009231169, -0.0189670773008719, 5.268477326280301, -6.851907701003413, 4.447529827379886]
循环过程58
415.987
[-0.022393303798292456, -0.0016275507133399736, -0.018972746984281322, 5.268660461421424, -6.8522483473491045, 4.447530201051817]
循环过程59
415.958
[-0.022419058720400245, -0.0016308331916534214, -0.01897952077851748, 5.268602282920584, -6.852627418680653, 4.447478955029439]
循环过程60
415.919
[-0.022436661961261508, -0.0016349462021687294, -0.01898237255535209, 5.268942986178489, -6.852808067451721, 4.447529300602291]
循环过程61
415.887
[-0.022443162713612602, -0.0016350290845420735, -0.018984763862537266, 5.268802608301083, -6.852936217857928, 4.44748656407338]
循环过程62
415.863
[-0.02245635013107816, -0.0016371095652753383, -0.018987783450284425, 5.268874476734704, -6.853115642653999, 4.447480341801603]
循环过程63
415.852
[-0.0224693944249867, -0.0016389184058660544, -0.018990963592994122, 5.268909137691167, -6.853305097088549, 4.447462510808983]
循环过程64
415.834
[-0.022482109853657666, -0.0016409418936329896, -0.01899375543408056, 5.269002679925432, -6.853474401997715, 4.447456353037198]
循环过程65
415.815
[-0.0224946075001644, -0.001642336248941256, -0.01899702015691515, 5.268979159400434, -6.853663801289253, 4.447424010910049]
循环过程66
415.791
[-0.02250327157765662, -0.0016443142554027775, -0.01899831492248276, 5.269150604112767, -6.853753345886788, 4.447444324180569]
停止条件RegularStepGradientDescentOptimizerv4: Step too small after 67 iterations. Current step (9.76563e-005) is less than minimum step (0.0001).
终止旋转Matrix = 
0.999273 0.0380541 -0.00243215
-0.0379061 0.998265 0.0450494
0.00414225 -0.0449245 0.998982

终止平移Offset = 
[5.2355, -6.18657, 4.42955]
终止旋转0.762916,0.0557462,0.644089,0.0590014
传递到ITK后的变换Result = 
 versor X      = -0.0225033
 versor Y      = -0.00164431
 versor Z      = -0.0189983
 Translation X = 5.26915
 Translation Y = -6.85375
 Translation Z = 4.44744
 Iterations    = 68
 Metric value  = 415.791
循环过程0
3829.9
[0.013873294088466994, 0.008621938976843728, 0.013631133755075308, 5.6230092747173535, -6.180784777500856, 4.525456538423067]
循环过程1
3574.22
[0.01006305993330686, 0.00918164650581944, 0.008985570610994253, 5.6125682112606565, -6.375461835400731, 4.482489777992965]
循环过程2
3471.19
[0.0053711772668470804, 0.00924929390170672, 0.0038414003757463403, 5.6120207843447085, -6.574536847879997, 4.495714634352843]
循环过程3
3352.1
[0.00039155957884230794, 0.008138027425886398, -0.0011189429858029973, 5.588603972587221, -6.759677813442963, 4.566226513567342]
循环过程4
3228.75
[-0.005371944728106403, 0.006025305674817233, -0.005892908469099502, 5.5504633913581305, -6.893864924809665, 4.708694838681908]
循环过程5
3093.7
[-0.011395982483008582, 0.0030401466703741144, -0.009473144665757346, 5.467757608949779, -6.942005520227313, 4.883652392640483]
循环过程6
2964.03
[-0.017712188678060743, 0.0007421850430401984, -0.013330382890729287, 5.3868134956911184, -6.914045884322096, 5.06372467070828]
循环过程7
2851.85
[-0.02079011745716143, -0.0013662177124379778, -0.015699318481882937, 5.196623631649135, -6.937994850296769, 5.120081599961174]
循环过程8
2836.58
[-0.02126230533786059, -0.000484141227799117, -0.016510573256179203, 5.269018162882203, -6.880213720737105, 5.1576812585524525]
循环过程9
2805.67
[-0.02175632193927232, -0.0007274876871631869, -0.016942438051505464, 5.219707283495165, -6.875997371541805, 5.164659737507108]
循环过程10
2804.29
[-0.02191988164679423, -0.00050134936415813, -0.01730289318943601, 5.2344822190566695, -6.860694120863863, 5.177762414929239]
循环过程11
2802.32
[-0.021990780737802994, -0.0005792152129036728, -0.017365590524755826, 5.222116325283307, -6.862482819297144, 5.1774883395362234]
循环过程12
2802.12
[-0.022186208866047285, -0.0005362741567313928, -0.01764592859534921, 5.215504411940764, -6.854805144934972, 5.184776074259565]
循环过程13
2801.78
[-0.022272399499321895, -0.0006050032306731315, -0.017732047198914382, 5.203038761774438, -6.855333978365153, 5.1854828818677685]
循环过程14
2802.1
[-0.022311814164359935, -0.0005464418059575046, -0.017810075125899036, 5.206926136668984, -6.8514247962199235, 5.1884196839030245]
循环过程15
2801.8
[-0.022335964618104286, -0.0005611564956814891, -0.017837239081572122, 5.203815479175984, -6.851418366124365, 5.188708195199428]
循环过程16
2801.88
[-0.02238184979118527, -0.0005427233141593878, -0.017907252800588542, 5.202952414776688, -6.849157384729111, 5.190677788758795]
循环过程17
2801.85
[-0.02239449121982166, -0.0005634115058390395, -0.017916232239151873, 5.199896110195223, -6.849761376930399, 5.190438736155819]
循环过程18
2801.97
[-0.022405480711016265, -0.0005487450264637648, -0.017937346323638144, 5.20078010819847, -6.848736631726636, 5.1912176602917945]
循环过程19
2801.92
[-0.022411226928164805, -0.0005525062748364963, -0.017943754284053537, 5.200001765148215, -6.848738103140817, 5.19128230037122]
循环过程20
2801.94
[-0.02242272478262231, -0.0005493259733512865, -0.017960920718967835, 5.199607427172138, -6.848236926284473, 5.191731657246904]
循环过程21
2801.95
[-0.022428735189875197, -0.0005528384101707923, -0.017967835917068596, 5.198830303941496, -6.848223141443236, 5.191808179294397]
循环过程22
2801.98
[-0.02243198745547483, -0.000549133318984545, -0.017973823411466625, 5.1990170993344815, -6.8479516678723265, 5.192017360374876]
循环过程23
2801.97
[-0.02243326736393545, -0.0005501295394663461, -0.01797515947653884, 5.19882223058266, -6.847961474221406, 5.192025061258751]
循环过程24
2801.98
[-0.022435981167285, -0.0005497424048278312, -0.017979043036966832, 5.1986827494914385, -6.847862466672244, 5.192118864501344]
循环过程25
2801.98
[-0.022438366584500213, -0.0005498354234144167, -0.017982294802287222, 5.198513107796601, -6.847795815363467, 5.192188586301595]
循环过程26
2801.99
[-0.02244117889775489, -0.0005484727458476387, -0.017986880019611705, 5.198458840563496, -6.847654741684702, 5.192311781319382]
停止条件RegularStepGradientDescentOptimizerv4: Step too small after 27 iterations. Current step (9.76563e-005) is less than minimum step (0.0001).
终止旋转Matrix = 
0.99937 0.0354767 -0.000419645
-0.0354228 0.998379 0.0445482
0.00199939 -0.0445053 0.999007

终止平移Offset = 
[5.20526, -6.85544, 5.1827]
终止旋转0.782178,0.0212469,0.622727,0.0569574
传递到ITK后的变换Result = 
 versor X      = -0.0222724
 versor Y      = -0.000605003
 versor Z      = -0.017732
 Translation X = 5.20304
 Translation Y = -6.85533
 Translation Z = 5.18548
 Iterations    = 28
 Metric value  = 2801.78
