步长0.5 条件0.0001
初始旋转0.973378,0.225867,-0.0389878,0.326089
初始平移：3.43466 -1.36964 2.87042 
循环过程0
3009.4
[0.15670172196272017, 0.03473483910495818, -0.0018582721436005431, 3.8220964399928508, -1.651482699335341, 3.0130963130924275]
循环过程1
2794.13
[0.15474327486917988, 0.03370537620560171, 0.0020900076657071496, 4.122336650924084, -2.0219379560716235, 3.1632172900181135]
循环过程2
2609.14
[0.15194251338585732, 0.03316837608119753, 0.004948782876676793, 4.3214972834868774, -2.454603464376924, 3.3151040729804557]
循环过程3
2443.1
[0.14798173368052703, 0.03263099392430384, 0.0069920176084190865, 4.442640676952768, -2.9144506814468407, 3.4693206008507986]
循环过程4
2294.24
[0.14268930512226885, 0.03187343999233014, 0.008658257501293624, 4.533821670825793, -3.377907832946376, 3.6329224406320293]
循环过程5
2148.63
[0.1360508624031189, 0.030931025837536118, 0.010042246747840421, 4.632310381182916, -3.8335219797474562, 3.8132682467517274]
循环过程6
2005.07
[0.1279186292680002, 0.029931198353713294, 0.010900246156833208, 4.7387208236325975, -4.2777111615204015, 4.015990782435717]
循环过程7
1868.67
[0.11786588909323198, 0.028908625010792544, 0.010864899855815737, 4.828234606927421, -4.713456803249713, 4.24336290487651]
循环过程8
1728.32
[0.10536370729199535, 0.027618113780712578, 0.009678125810004847, 4.8920930262452424, -5.142545143093437, 4.490667012525698]
循环过程9
1571.06
[0.08915521564001477, 0.02542954971235685, 0.00713995125548874, 4.942796971657238, -5.565625400633317, 4.750138223926047]
循环过程10
1373.47
[0.06418784321363416, 0.02068162947905751, 0.002159424629455532, 4.986096376833359, -5.982093300400913, 5.018428654386476]
循环过程11
1108.9
[-0.08087178643912313, -0.019000152967420934, -0.03423302187785888, 4.793132784610508, -6.318189164976083, 5.080356210615993]
循环过程12
1094.63
[-0.07812531449566291, -0.01951671654434705, -0.033596819377182556, 5.0316040076404125, -6.391547933231376, 5.065628859539387]
循环过程13
1037.45
[-0.07367113811726453, -0.017326471062705455, -0.03412298484587904, 4.972643341047461, -6.607564443790134, 4.954902494188246]
循环过程14
970.33
[-0.06958861779342583, -0.01709543253561751, -0.03304907704540608, 5.189459649366488, -6.727742081400256, 4.923660148512232]
循环过程15
916.756
[-0.06525078474958307, -0.014622466988181803, -0.03315046561801457, 5.078252955210511, -6.9292654630736745, 4.826597316593921]
循环过程16
836.899
[-0.06323843143868522, -0.014508371468590377, -0.03233217442044535, 5.194989378598598, -6.973542780306402, 4.822343162835043]
循环过程17
793.131
[-0.05964688684195674, -0.013323029245172341, -0.03146055525344031, 5.2406423838067715, -7.081074457032406, 4.778557280419046]
循环过程18
727.702
[-0.055101079242373695, -0.011746874464652567, -0.03008614207444472, 5.281784848913767, -7.183202157793109, 4.720233522687675]
循环过程19
652.674
[-0.047582271452118734, -0.00913007585750671, -0.02697173864102976, 5.3279096330704725, -7.228785455511371, 4.614752080773711]
循环过程20
560.163
[-0.04379931893966796, -0.00761793507234805, -0.02513801314623571, 5.288107370257599, -7.132297208427496, 4.546555745012862]
循环过程21
524.798
[-0.03860318995305169, -0.006241090777551533, -0.023179369736543175, 5.386551185469151, -7.0625378766227, 4.515957882079329]
循环过程22
495.18
[-0.038024045702902964, -0.00573976126490059, -0.02325199309447841, 5.326830349116782, -7.065224108622897, 4.49778962420436]
循环过程23
473.074
[-0.03599408863017527, -0.0048311153360326205, -0.02278215895230336, 5.276091219947557, -7.040946784191316, 4.470925133694594]
循环过程24
460.183
[-0.03535789457983823, -0.004783203350956758, -0.022457996257223244, 5.303455378400498, -7.026122044517089, 4.473362402021529]
循环过程25
451.845
[-0.03325591815994405, -0.004154600788088981, -0.021815553321616984, 5.304575572072153, -6.997464657795666, 4.46182440879559]
循环过程26
438.014
[-0.031234760042630406, -0.0035034198876025824, -0.021284886628117287, 5.289461331945829, -6.973215553736374, 4.449953636794451]
循环过程27
427.935
[-0.029965200429525857, -0.00329281544921287, -0.020806840398191594, 5.310919714345924, -6.950717018995282, 4.451492382265781]
循环过程28
423.876
[-0.029643690262262823, -0.003134164303390011, -0.020787940468146512, 5.295841480586945, -6.949604407963514, 4.4476150683350655]
循环过程29
421.704
[-0.02861739972372683, -0.0028439782060899967, -0.020535047554949303, 5.287208428657556, -6.937189530149854, 4.444348430915404]
循环过程30
418.789
[-0.02779749201403844, -0.0027034382811124335, -0.02026401618652009, 5.295118607471437, -6.92390661481322, 4.445786709309382]
循环过程31
417.125
[-0.02754076259426772, -0.002609851998581184, -0.020228368885400517, 5.2877636063716045, -6.921865951189457, 4.444214834785304]
循环过程32
416.449
[-0.026989518304669814, -0.0024849173509994267, -0.02008444967372128, 5.2857682167773286, -6.914405130365344, 4.444048615391199]
循环过程33
415.59
[-0.026436438239121864, -0.0023654604587936058, -0.019940906908731636, 5.2840743892458, -6.906869781656302, 4.444190910319275]
循环过程34
414.945
[-0.025879812270405974, -0.0022459943535641314, -0.019802788829180816, 5.281769919280286, -6.8995007596880695, 4.444410289219769]
循环过程35
414.48
[-0.02532791299221315, -0.002138460043176894, -0.019662292491141528, 5.280527274703016, -6.891900561392124, 4.445029335006418]
循环过程36
414.294
[-0.024811145041170057, -0.002027535991967748, -0.019545592740608894, 5.27653575953733, -6.88527271735162, 4.445071751521925]
循环过程37
414.345
[-0.024412741474469847, -0.00198231116357113, -0.019423174293861395, 5.280307660968052, -6.878679242449862, 4.446693593923175]
循环过程38
414.399
[-0.024328942708856674, -0.0019485910695739542, -0.019420823462418465, 5.276486722775663, -6.878309707926941, 4.445993603329206]
循环过程39
414.409
[-0.02407173154486535, -0.0018978641039610895, -0.019364408988457402, 5.274518037275742, -6.8749792695809395, 4.44605168148292]
循环过程40
414.521
[-0.02383513105204903, -0.0018673083757383717, -0.019299023824186752, 5.275611886641296, -6.871329220876681, 4.446754871965827]
循环过程41
414.617
[-0.02369292723630064, -0.0018264859186630654, -0.019281592240276434, 5.271951764223181, -6.870122724028236, 4.446191106298589]
循环过程42
414.708
[-0.023636713125915292, -0.0018263536428218656, -0.019259807028638318, 5.273478939453562, -6.868995040777551, 4.4466340653761876]
循环过程43
414.699
[-0.02349446167580588, -0.0018025389484143427, -0.019227090581768556, 5.272920609948438, -6.867150815488256, 4.446753404076474]
循环过程44
414.784
[-0.02335456670672178, -0.0017797831390026222, -0.01919441369699145, 5.272424134010152, -6.865287736196163, 4.446865016364359]
循环过程45
414.865
[-0.023214614588294123, -0.0017567544951483385, -0.019162580480175308, 5.271775017638489, -6.863470163231446, 4.4469370680264815]
循环过程46
414.987
[-0.023082189029987012, -0.0017374016698631263, -0.0191303119340314, 5.271571411070647, -6.861554765658728, 4.447106269607545]
循环过程47
415.086
[-0.022968360470455085, -0.0017132939650043653, -0.019110168291650454, 5.270062729772618, -6.860349538829213, 4.446932506682192]
停止条件RegularStepGradientDescentOptimizerv4: Step too small after 48 iterations. Current step (0.000976563) is less than minimum step (0.001).
finalParametersfix[0, -0.0625, -14.8125]
终止旋转Matrix = 
0.999228 0.0391722 -0.00308314
-0.038971 0.998005 0.0496767
0.00502294 -0.0495182 0.998761

终止平移Offset = 
[5.23331, -6.14956, 4.42362]
终止旋转0.78393,0.0640618,0.61756,0.06331
传递到ITK后的变换Result = 
 versor X      = -0.0248111
 versor Y      = -0.00202754
 versor Z      = -0.0195456
 Translation X = 5.27654
 Translation Y = -6.88527
 Translation Z = 4.44507
 Iterations    = 49
 Metric value  = 414.294
循环过程0
3856.84
[0.013585468730273434, 0.010847739836951859, 0.01321234130903767, 5.7197648358349165, -6.133071569348625, 4.533702960381851]
循环过程1
3592.04
[0.011170247265350965, 0.009521219839552408, 0.010068889382665435, 5.612717690780746, -6.346213389631799, 4.459261369104356]
循环过程2
3493.42
[0.005284728372398166, 0.009800099653171794, 0.0034973149783385374, 5.622526287788694, -6.5946829184517926, 4.478103853954499]
循环过程3
3347.75
[-0.0006379561943852773, 0.0078713651090888, -0.00225748716363218, 5.575404432471469, -6.819633028928678, 4.575002297026378]
循环过程4
3200.88
[-0.008231889660831306, 0.005197009725952613, -0.008095594549242196, 5.554769288852999, -6.926801949289021, 4.79904110498945]
循环过程5
3035.86
[-0.01415682851668101, 0.00090540085127292, -0.010209533286668104, 5.3540655447130785, -6.973158311670352, 4.939885367851662]
循环过程6
2937.06
[-0.016025708178994354, 0.0014669378333557154, -0.012344132893736509, 5.42532980958315, -6.913168423132778, 5.023036726141469]
循环过程7
2881.91
[-0.017071853322296816, 0.0007221370953097786, -0.012968014272476503, 5.366627720431675, -6.926244774491436, 5.039804787412227]
循环过程8
2858.81
[-0.018788839938794502, 0.0002775565801254552, -0.014409982225531637, 5.334669890735462, -6.907452309646826, 5.089913473131345]
循环过程9
2830.28
[-0.02011092910045019, -0.00025853705501810843, -0.015454127262107185, 5.281874944832945, -6.8988184803424, 5.122036543164914]
循环过程10
2814.31
[-0.02147773115255386, -0.0002412174367601609, -0.01692299940120674, 5.268694463484577, -6.861486752500529, 5.170231480287204]
循环过程11
2806.13
[-0.021576662135969895, -0.0005027265176653089, -0.016921056806396627, 5.239262320269557, -6.870965319052866, 5.16574199366173]
循环过程12
2803.35
[-0.02213137183375164, -0.000535402024633588, -0.01757462196831012, 5.217872392244187, -6.856275754765716, 5.1830712842959645]
循环过程13
2801.82
[-0.022396465534854793, -0.0006906236550224263, -0.017868267782143118, 5.186862847505501, -6.855848973846026, 5.186821698369448]
循环过程14
2803.32
[-0.02242885912117671, -0.0005531337104617586, -0.01796562491981451, 5.199577370834872, -6.8483047935126375, 5.191866410142048]
循环过程15
2801.94
[-0.02246680270394879, -0.0005677596431751019, -0.018001783462505944, 5.19186427260633, -6.847083361696349, 5.192065213713766]
循环过程16
2802.37
[-0.02246665289915521, -0.0005381695334486514, -0.01802769494002812, 5.195437998140974, -6.8459910371258, 5.193200076300682]
循环过程17
2802.12
[-0.022450030550111126, -0.0005321353985562248, -0.018031710493938237, 5.199159414808133, -6.8471772019109425, 5.193239375566483]
循环过程18
2801.91
[-0.022450337427274123, -0.0005508023643956045, -0.018003597189837912, 5.197445545142492, -6.847683642481883, 5.19245432181487]
停止条件RegularStepGradientDescentOptimizerv4: Step too small after 19 iterations. Current step (0.000976563) is less than minimum step (0.001).
finalParametersfix[0, -0.0625, 0]
终止旋转Matrix = 
0.99936 0.0357528 -0.000580308
-0.0356909 0.998358 0.0447992
0.00218105 -0.0447499 0.998996

终止平移Offset = 
[5.1891, -6.85595, 5.18402]
终止旋转0.781498,0.0240985,0.623492,0.0573246
传递到ITK后的变换Result = 
 versor X      = -0.0223965
 versor Y      = -0.000690624
 versor Z      = -0.0178683
 Translation X = 5.18686
 Translation Y = -6.85585
 Translation Z = 5.18682
 Iterations    = 20
 Metric value  = 2801.82
