初始旋转-0.19069,0.691526,0.696719,0.122062
初始平移：4.55749 -6.14305 4.69942 
循环过程0
1582.71
[-0.009260477577720966, 0.04020526657661614, 0.03517348334469486, 4.940349162310147, -6.252328617587578, 4.734427454853323]
循环过程1
1371.73
[-0.006270279294390253, 0.037623994285581774, 0.021156397623290017, 5.255977702110971, -6.492926722699021, 4.693908915156512]
循环过程2
1100.31
[-0.004926603361082507, 0.027768337080407518, -0.009528354455578713, 5.261451161190977, -6.73350746959992, 4.380975094405597]
循环过程3
789.577
[-0.005967345659940866, 0.024064629020367545, -0.008636885545859575, 5.426583034239776, -6.6241859840589195, 4.407767951470791]
循环过程4
700.646
[-0.007537563265209702, 0.01969827274185773, -0.009577818404710132, 5.339691166637194, -6.5810505882323955, 4.385419496500808]
循环过程5
643.81
[-0.018517512137363995, -0.018257467694645115, -0.01825523814161014, 5.353332073619949, -6.531476703800116, 4.4138669632586796]
循环过程6
756.063
[-0.01839417000329029, -0.017717595184633256, -0.018616293504771817, 5.312819454449065, -6.559951396340169, 4.407072015689377]
循环过程7
707.149
[-0.018270114492115037, -0.01712453815152003, -0.018982397824692097, 5.27342145501549, -6.59009837618844, 4.400993153931734]
循环过程8
661.559
[-0.018145444005334178, -0.01645831412980011, -0.019353573496508115, 5.235758057990032, -6.622562270439151, 4.395975658621641]
循环过程9
619.981
[-0.018021110259635906, -0.01568480853247723, -0.01972891269957945, 5.201037754554914, -6.658345072819138, 4.392648081458923]
循环过程10
582.689
[-0.017901630149891146, -0.014741453838413623, -0.020102712024094308, 5.171961284202978, -6.698968339648905, 4.392283311100624]
循环过程11
549.971
[-0.01780782514451003, -0.01352151320174029, -0.020446632900081797, 5.1552997991303595, -6.7457431678537665, 4.397579389400394]
循环过程12
520.325
[-0.017816391466016022, -0.01197612551866198, -0.020653811628182625, 5.163492216797672, -6.792782715170293, 4.412085921200435]
循环过程13
492.321
[-0.018071702995252417, -0.010074886962179192, -0.02063074369528578, 5.191608014921166, -6.8278726220878365, 4.433614448545343]
循环过程14
465.638
[-0.01920491020120208, -0.006047982494915452, -0.020206424887510174, 5.220286700745538, -6.852629859337122, 4.465140466662149]
循环过程15
430.149
[-0.020350059813429643, -0.004307476897185244, -0.01935455617305191, 5.2570289093737115, -6.820075986030225, 4.473506454782178]
循环过程16
425.21
[-0.020452991256767104, -0.0038822370402565903, -0.01944717149385236, 5.235558089600863, -6.831462507014017, 4.4677141310781385]
循环过程17
421.379
[-0.0206597427839779, -0.003465871420739411, -0.01933723132210974, 5.247032921913122, -6.836277559651832, 4.4684074683984045]
循环过程18
419.158
[-0.020920963654678763, -0.002985311295420731, -0.01927090907298283, 5.244431438419223, -6.840634217942995, 4.464928963979881]
循环过程19
417.893
[-0.020969255837117617, -0.002929263870244427, -0.019241619094237286, 5.247540622839115, -6.840377616370655, 4.465015144905848]
循环过程20
417.66
[-0.021047695744896507, -0.002829653708098044, -0.019204654741841364, 5.250637075350316, -6.8404063355445786, 4.4646880135969615]
循环过程21
417.397
[-0.021192230248771555, -0.002635790022801548, -0.01915411633784502, 5.253286754316658, -6.8411943076791415, 4.463316953167337]
循环过程22
417.036
[-0.02135836619461308, -0.0024237546520821567, -0.019106243829139023, 5.255408893825875, -6.842331277745163, 4.461401222784726]
循环过程23
416.709
[-0.021499083252734134, -0.002263986671486108, -0.01906747656253931, 5.257891087872186, -6.843260363873803, 4.459803160765125]
循环过程24
416.514
[-0.0216604858418744, -0.0020914074909755527, -0.019034595326419244, 5.259525797407458, -6.844678182184632, 4.457599651256661]
循环过程25
416.349
[-0.021781211425239744, -0.001986553262766936, -0.01900797041161563, 5.262187159561125, -6.84549821446396, 4.456219362439874]
循环过程26
416.25
[-0.021925390843051472, -0.0018578083174177313, -0.018998662378809174, 5.261856083057092, -6.847355834074144, 4.453758583182592]
循环过程27
416.157
[-0.02195182027417681, -0.0018467851647675497, -0.01898990056385031, 5.263415318968654, -6.847356894179953, 4.45367733846889]
循环过程28
416.121
[-0.022011530807870324, -0.001811468493413273, -0.018981769891793107, 5.264723845736054, -6.8478560537880595, 4.45299874878784]
循环过程29
416.106
[-0.0220874492730348, -0.0017627088134769943, -0.018980784066702117, 5.264856796310881, -6.848844136382687, 4.451809276228183]
循环过程30
416.062
[-0.022136433347208696, -0.0017427540805716624, -0.018974448309797515, 5.26631604328439, -6.849183731368684, 4.451378782061099]
循环过程31
416.033
[-0.022166128683227464, -0.0017257929069183864, -0.0189772150297452, 5.265995032131592, -6.849664753536487, 4.450858003198353]
循环过程32
416.017
[-0.022199196462316637, -0.0017131744645982358, -0.018975712534440425, 5.266608722829665, -6.849989752757746, 4.450507162658943]
循环过程33
415.979
[-0.022239702234435627, -0.0016961717302043295, -0.018977308135930973, 5.266776803323708, -6.850517587757267, 4.44996332624504]
循环过程34
415.968
[-0.02227487218354338, -0.001685683468598421, -0.018976961631200086, 5.267379662677312, -6.850867108640322, 4.449617845687868]
循环过程35
415.946
[-0.022314790109491976, -0.0016716437207230123, -0.018980834221115177, 5.2673481975858065, -6.851433257168417, 4.449087174783377]
循环过程36
415.93
[-0.02234058688343982, -0.0016680647271585405, -0.018979875406355446, 5.26808413347696, -6.8516395462964015, 4.448933953717575]
循环过程37
415.903
[-0.022354491492653526, -0.0016633683925563398, -0.018982599660973657, 5.267869808349916, -6.851886071674926, 4.448721854439616]
循环过程38
415.889
[-0.022374275081557874, -0.0016602432936882584, -0.018983603893759297, 5.268148532595483, -6.8521035583196515, 4.448560637967645]
循环过程39
415.887
[-0.022396674437556174, -0.001655864718381305, -0.018986356540648754, 5.268185932707129, -6.852412286531074, 4.44832877400349]
循环过程40
415.875
[-0.02241545035894159, -0.0016543197291487362, -0.018987480012735675, 5.268499946230828, -6.852608916098437, 4.448210898221511]
循环过程41
415.854
[-0.022434913601713503, -0.0016508788024055588, -0.01899111180905455, 5.268381930323978, -6.852912900870119, 4.447999623509039]
循环过程42
415.833
[-0.0224408233890404, -0.001651193985572904, -0.018991154298557345, 5.2685715613182476, -6.852956903316708, 4.44798910378362]
循环过程43
415.829
[-0.022452236268159016, -0.0016504207168263638, -0.01899264774914617, 5.268677750161362, -6.8530998004059205, 4.4479121708627405]
循环过程44
415.819
[-0.02246421729856931, -0.0016495284547239897, -0.018994530770261725, 5.268733609802824, -6.85326277915758, 4.447823442720548]
循环过程45
415.807
[-0.02247542260954537, -0.001649160583746712, -0.018996081156398597, 5.268844043969868, -6.853407059789194, 4.447755459933086]
循环过程46
415.795
[-0.022486983520692234, -0.0016484712751628765, -0.018998184118831255, 5.268873922263688, -6.85357757812388, 4.447668149043402]
循环过程47
415.793
[-0.022497431922522244, -0.0016487748438861786, -0.018999450580087555, 5.269022749467947, -6.853694067279444, 4.447623607129327]
循环过程48
415.774
[-0.022506237709831824, -0.0016480241303495594, -0.01900167937309769, 5.268931277269739, -6.853844819431071, 4.447541624952614]
停止条件RegularStepGradientDescentOptimizerv4: Step too small after 49 iterations. Current step (9.76563e-005) is less than minimum step (0.0001).
终止平移Offset = 
[5.23518, -6.18657, 4.42965]
终止旋转0.762912,0.0558644,0.644115,0.0590095
循环过程0
3829.99
[0.013877107760168678, 0.008624177317662598, 0.01363558213912068, 5.622688715076853, -6.180725264521692, 4.52552940721082]
循环过程1
3574.29
[0.010063893731769373, 0.009186431631290693, 0.008986523892874798, 5.612411202249844, -6.375411057964373, 4.482565498551412]
循环过程2
3471.21
[0.005372321056777557, 0.009252934929295872, 0.0038422273201046842, 5.611860101204198, -6.574488414624092, 4.495755134204022]
循环过程3
3352.13
[0.00039197028961996706, 0.008141018350663519, -0.0011191908313379208, 5.588491547356965, -6.759636597996039, 4.566263520589196]
循环过程4
3228.77
[-0.005371695465449161, 0.006026881706353993, -0.005893485710177612, 5.550364975788775, -6.893840706747651, 4.708719430411482]
循环过程5
3093.69
[-0.011397026839518844, 0.0030408462359756026, -0.009474641206844419, 5.467715838757905, -6.941972891812202, 4.883705750848768]
循环过程6
2964
[-0.017713827437009316, 0.0007410032585157575, -0.01333122848454072, 5.3866934741444386, -6.914057201575638, 5.063749529266687]
循环过程7
2851.81
[-0.020796099726674407, -0.0013669422222004303, -0.015706075159600267, 5.196543004197431, -6.937886613360422, 5.120287897817919]
循环过程8
2836.48
[-0.021267786770836666, -0.0004844942068363879, -0.016516342221512083, 5.268938700086305, -6.8800879409165985, 5.157858415125755]
循环过程9
2805.65
[-0.02175679281165938, -0.000729221662015154, -0.016942212133367062, 5.219584357410113, -6.876061858100088, 5.1646419771955605]
循环过程10
2804.31
[-0.021919490815753083, -0.0005028204959697054, -0.017301087777950794, 5.234412941976521, -6.860773490409474, 5.177701550234577]
循环过程11
2802.32
[-0.02199133926866649, -0.000580090431700417, -0.017365705951954913, 5.222038458554534, -6.862509068950427, 5.177480951682704]
循环过程12
2802.12
[-0.022186780092562156, -0.0005350994874169676, -0.01764708813460986, 5.215616966304138, -6.85473134499039, 5.1848323813521136]
循环过程13
2801.77
[-0.022269801214001836, -0.0006054713308661815, -0.017728348439330875, 5.20315220814371, -6.8554389316746525, 5.185384911102101]
循环过程14
2802.1
[-0.022309410718221536, -0.0005469413074012371, -0.017806598553742694, 5.207024735504299, -6.851521508390065, 5.18833030335887]
循环过程15
2801.8
[-0.022334331607258055, -0.000561176583425401, -0.017834997525582777, 5.203918432744139, -6.85146826589174, 5.1886576380979985]
循环过程16
2801.87
[-0.022380362509301872, -0.0005431383171030288, -0.017905046228517213, 5.203002856990161, -6.849221579693869, 5.1906198619247546]
循环过程17
2801.85
[-0.022393753567892274, -0.0005634785203312826, -0.017915203246421114, 5.199936696732452, -6.849786606762108, 5.190414326341298]
循环过程18
2801.97
[-0.022404855802784, -0.0005488099731159927, -0.017936467092219997, 5.200813608270052, -6.848758434709229, 5.191196714211514]
循环过程19
2801.91
[-0.02241069648524211, -0.0005525120390568307, -0.017943017376884883, 5.2000356500173295, -6.84875442116802, 5.19126565809867]
循环过程20
2801.94
[-0.022422174544221185, -0.000549449001628563, -0.017960118038741413, 5.199629818058718, -6.84825921705271, 5.191711403943599]
循环过程21
2801.95
[-0.022428489080529898, -0.0005527607499209647, -0.01796752591216742, 5.198854876066084, -6.848226950523404, 5.1918027941237614]
循环过程22
2801.98
[-0.02243187520321339, -0.0005490657100768304, -0.01797369768772926, 5.199031645181385, -6.8479519155539155, 5.192015968605029]
循环过程23
2801.97
[-0.022433100880485744, -0.0005500951817463917, -0.017974945515485327, 5.198836869988144, -6.847964842600237, 5.192021067755826]
循环过程24
2801.98
[-0.02243575552218663, -0.0005498180214643719, -0.017978701264929658, 5.198689446073817, -6.847872798831498, 5.19210970253406]
循环过程25
2801.98
[-0.022438284477038155, -0.000549729156169708, -0.01798222777226792, 5.198530134009211, -6.847793184129555, 5.192189406493571]
循环过程26
2801.99
[-0.022441104489180477, -0.0005489504533618478, -0.017986578161658152, 5.198411301368773, -6.847679904769587, 5.19229468490635]
循环过程27
2801.99
[-0.022441374176039013, -0.0005505202131822873, -0.017986093684907414, 5.198227522284124, -6.847735464904279, 5.192258988887756]
停止条件RegularStepGradientDescentOptimizerv4: Step too small after 28 iterations. Current step (9.76563e-005) is less than minimum step (0.0001).
终止平移Offset = 
[5.20537, -6.85554, 5.1826]
终止旋转0.782202,0.0212665,0.622689,0.056949
